-2.028985 -1.488405 -1.170028 -0.909264 -0.667982 -0.442216 -0.238490 -0.066382 0.064567 0.146536 0.174444 0.146536 0.064567 -0.066382 -0.238490 -0.442216 -0.667982 -0.909264 -1.170028 -1.488405 -1.488405 -1.317768 -1.094420 -0.863152 -0.633504 -0.413508 -0.213141 -0.043148 0.086475 0.167704 0.195375 0.167705 0.086475 -0.043148 -0.213141 -0.413508 -0.633504 -0.863152 -1.094420 -1.317768 -1.170028 -1.094420 -0.939178 -0.746369 -0.538695 -0.332090 -0.140367 0.023909 0.149857 0.229016 0.256017 0.229016 0.149857 0.023909 -0.140367 -0.332090 -0.538695 -0.746369 -0.939178 -1.094420 -0.909264 -0.863152 -0.746369 -0.584741 -0.399723 -0.209221 -0.028916 0.127382 0.248038 0.324166 0.350178 0.324166 0.248038 0.127382 -0.028916 -0.209221 -0.399723 -0.584741 -0.746369 -0.863152 -0.667982 -0.633504 -0.538695 -0.399723 -0.234256 -0.059419 0.108857 0.256305 0.370904 0.443499 0.468349 0.443499 0.370904 0.256305 0.108857 -0.059419 -0.234256 -0.399723 -0.538695 -0.633504 -0.442216 -0.413508 -0.332090 -0.209221 -0.059419 0.101698 0.258748 0.397573 0.506101 0.575096 0.598754 0.575096 0.506101 0.397573 0.258748 0.101698 -0.059419 -0.209221 -0.332090 -0.413508 -0.238490 -0.213141 -0.140367 -0.028916 0.108857 0.258748 0.406163 0.537332 0.640345 0.706022 0.728573 0.706022 0.640345 0.537332 0.406163 0.258748 0.108857 -0.028916 -0.140367 -0.213141 -0.066382 -0.043148 0.023909 0.127382 0.256305 0.397573 0.537332 0.662260 0.760698 0.823591 0.845210 0.823591 0.760698 0.662260 0.537332 0.397573 0.256305 0.127382 0.023909 -0.043148 0.064567 0.086475 0.149857 0.248038 0.370904 0.506101 0.640345 0.760698 0.855738 0.916549 0.937467 0.916549 0.855738 0.760698 0.640345 0.506101 0.370904 0.248038 0.149857 0.086475 0.146536 0.167704 0.229016 0.324166 0.443499 0.575096 0.706022 0.823591 0.916549 0.976077 0.996561 0.976077 0.916549 0.823591 0.706022 0.575096 0.443499 0.324166 0.229016 0.167705 0.174444 0.195375 0.256017 0.350178 0.468349 0.598754 0.728573 0.845210 0.937467 0.996561 1.016899 0.996561 0.937467 0.845210 0.728573 0.598754 0.468349 0.350178 0.256017 0.195375 0.146536 0.167704 0.229016 0.324166 0.443499 0.575096 0.706022 0.823591 0.916549 0.976077 0.996561 0.976077 0.916549 0.823591 0.706022 0.575096 0.443499 0.324166 0.229016 0.167704 0.064567 0.086475 0.149857 0.248038 0.370904 0.506101 0.640345 0.760698 0.855738 0.916549 0.937467 0.916549 0.855738 0.760698 0.640345 0.506101 0.370904 0.248038 0.149857 0.086475 -0.066382 -0.043148 0.023909 0.127382 0.256305 0.397573 0.537332 0.662260 0.760698 0.823591 0.845210 0.823591 0.760698 0.662260 0.537332 0.397573 0.256305 0.127382 0.023909 -0.043148 -0.238490 -0.213141 -0.140367 -0.028916 0.108857 0.258748 0.406163 0.537332 0.640345 0.706022 0.728573 0.706022 0.640345 0.537332 0.406163 0.258748 0.108857 -0.028916 -0.140367 -0.213141 -0.442216 -0.413508 -0.332089 -0.209221 -0.059419 0.101698 0.258748 0.397573 0.506101 0.575096 0.598754 0.575096 0.506101 0.397573 0.258748 0.101698 -0.059419 -0.209221 -0.332090 -0.413508 -0.667982 -0.633504 -0.538695 -0.399723 -0.234256 -0.059419 0.108857 0.256305 0.370904 0.443499 0.468349 0.443499 0.370904 0.256305 0.108857 -0.059419 -0.234256 -0.399723 -0.538695 -0.633504 -0.909264 -0.863152 -0.746369 -0.584741 -0.399723 -0.209221 -0.028916 0.127382 0.248038 0.324166 0.350178 0.324166 0.248038 0.127382 -0.028916 -0.209221 -0.399723 -0.584741 -0.746369 -0.863152 -1.170028 -1.094420 -0.939178 -0.746369 -0.538695 -0.332090 -0.140367 0.023909 0.149857 0.229016 0.256017 0.229016 0.149857 0.023909 -0.140367 -0.332090 -0.538695 -0.746369 -0.939178 -1.094420 -1.488405 -1.317768 -1.094420 -0.863152 -0.633504 -0.413508 -0.213141 -0.043148 0.086475 0.167704 0.195375 0.167704 0.086475 -0.043148 -0.213141 -0.413508 -0.633504 -0.863152 -1.094420 -1.317768 
-1.488405 -2.028985 -1.488405 -1.170028 -0.909264 -0.667982 -0.442216 -0.238490 -0.066382 0.064567 0.146536 0.174444 0.146536 0.064567 -0.066382 -0.238490 -0.442216 -0.667982 -0.909264 -1.170028 -1.317768 -1.488405 -1.317768 -1.094420 -0.863152 -0.633504 -0.413508 -0.213141 -0.043148 0.086475 0.167704 0.195375 0.167704 0.086475 -0.043148 -0.213141 -0.413508 -0.633504 -0.863152 -1.094420 -1.094420 -1.170028 -1.094420 -0.939178 -0.746369 -0.538695 -0.332090 -0.140367 0.023909 0.149857 0.229016 0.256017 0.229016 0.149857 0.023909 -0.140367 -0.332089 -0.538695 -0.746369 -0.939178 -0.863152 -0.909264 -0.863152 -0.746369 -0.584741 -0.399723 -0.209221 -0.028916 0.127382 0.248038 0.324166 0.350178 0.324166 0.248038 0.127382 -0.028916 -0.209221 -0.399723 -0.584741 -0.746369 -0.633504 -0.667982 -0.633504 -0.538695 -0.399723 -0.234256 -0.059419 0.108857 0.256305 0.370904 0.443499 0.468349 0.443499 0.370904 0.256305 0.108857 -0.059419 -0.234256 -0.399723 -0.538695 -0.413508 -0.442216 -0.413508 -0.332090 -0.209221 -0.059419 0.101698 0.258748 0.397573 0.506101 0.575096 0.598754 0.575096 0.506101 0.397573 0.258748 0.101698 -0.059419 -0.209221 -0.332090 -0.213141 -0.238490 -0.213141 -0.140367 -0.028916 0.108857 0.258748 0.406163 0.537332 0.640345 0.706022 0.728573 0.706022 0.640345 0.537332 0.406163 0.258748 0.108857 -0.028916 -0.140367 -0.043148 -0.066382 -0.043148 0.023909 0.127382 0.256305 0.397573 0.537332 0.662260 0.760698 0.823591 0.845210 0.823591 0.760698 0.662260 0.537332 0.397573 0.256305 0.127382 0.023909 0.086475 0.064567 0.086475 0.149857 0.248038 0.370904 0.506101 0.640345 0.760698 0.855738 0.916549 0.937467 0.916549 0.855738 0.760698 0.640345 0.506101 0.370904 0.248038 0.149857 0.167704 0.146536 0.167704 0.229016 0.324166 0.443499 0.575096 0.706022 0.823591 0.916549 0.976077 0.996561 0.976077 0.916549 0.823591 0.706022 0.575096 0.443499 0.324166 0.229016 0.195375 0.174444 0.195375 0.256017 0.350178 0.468349 0.598754 0.728573 0.845210 0.937467 0.996561 1.016899 0.996561 0.937467 0.845210 0.728573 0.598754 0.468349 0.350178 0.256017 0.167704 0.146536 0.167705 0.229016 0.324166 0.443499 0.575096 0.706022 0.823591 0.916549 0.976077 0.996561 0.976077 0.916549 0.823591 0.706022 0.575096 0.443499 0.324166 0.229016 0.086475 0.064567 0.086475 0.149857 0.248038 0.370904 0.506101 0.640345 0.760698 0.855738 0.916549 0.937467 0.916549 0.855738 0.760698 0.640345 0.506101 0.370904 0.248038 0.149857 -0.043148 -0.066382 -0.043148 0.023909 0.127382 0.256305 0.397573 0.537332 0.662260 0.760698 0.823591 0.845210 0.823591 0.760698 0.662260 0.537332 0.397573 0.256305 0.127382 0.023909 -0.213141 -0.238490 -0.213141 -0.140367 -0.028916 0.108857 0.258748 0.406163 0.537332 0.640345 0.706022 0.728573 0.706022 0.640345 0.537332 0.406163 0.258748 0.108857 -0.028916 -0.140367 -0.413508 -0.442216 -0.413508 -0.332090 -0.209221 -0.059419 0.101698 0.258748 0.397573 0.506101 0.575096 0.598754 0.575096 0.506101 0.397573 0.258748 0.101698 -0.059419 -0.209221 -0.332089 -0.633504 -0.667982 -0.633504 -0.538695 -0.399723 -0.234256 -0.059419 0.108857 0.256305 0.370904 0.443499 0.468349 0.443499 0.370904 0.256305 0.108857 -0.059419 -0.234256 -0.399723 -0.538695 -0.863152 -0.909264 -0.863152 -0.746369 -0.584741 -0.399723 -0.209221 -0.028916 0.127382 0.248038 0.324166 0.350178 0.324166 0.248038 0.127382 -0.028916 -0.209221 -0.399723 -0.584741 -0.746369 -1.094420 -1.170028 -1.094420 -0.939178 -0.746369 -0.538695 -0.332089 -0.140367 0.023909 0.149857 0.229016 0.256017 0.229016 0.149857 0.023909 -0.140367 -0.332089 -0.538695 -0.746369 -0.939178 -1.317768 -1.488405 -1.317768 -1.094420 -0.863152 -0.633504 -0.413508 -0.213141 -0.043148 0.086475 0.167704 0.195375 0.167704 0.086475 -0.043148 -0.213141 -0.413508 -0.633504 -0.863152 -1.094420 
-1.170028 -1.488405 -2.028985 -1.488405 -1.170028 -0.909264 -0.667982 -0.442216 -0.238490 -0.066382 0.064567 0.146536 0.174444 0.146536 0.064567 -0.066382 -0.238490 -0.442216 -0.667982 -0.909264 -1.094420 -1.317768 -1.488405 -1.317768 -1.094420 -0.863152 -0.633504 -0.413508 -0.213141 -0.043148 0.086475 0.167705 0.195375 0.167704 0.086475 -0.043148 -0.213141 -0.413508 -0.633504 -0.863152 -0.939178 -1.094420 -1.170028 -1.094420 -0.939178 -0.746369 -0.538695 -0.332090 -0.140367 0.023909 0.149857 0.229016 0.256017 0.229016 0.149857 0.023909 -0.140367 -0.332089 -0.538695 -0.746369 -0.746369 -0.863152 -0.909264 -0.863152 -0.746369 -0.584741 -0.399723 -0.209221 -0.028916 0.127382 0.248038 0.324166 0.350178 0.324166 0.248038 0.127382 -0.028916 -0.209221 -0.399723 -0.584741 -0.538695 -0.633504 -0.667982 -0.633504 -0.538695 -0.399723 -0.234256 -0.059419 0.108857 0.256305 0.370904 0.443499 0.468349 0.443499 0.370904 0.256305 0.108857 -0.059419 -0.234256 -0.399723 -0.332090 -0.413508 -0.442216 -0.413508 -0.332090 -0.209221 -0.059419 0.101698 0.258748 0.397573 0.506101 0.575096 0.598754 0.575096 0.506101 0.397573 0.258748 0.101698 -0.059419 -0.209221 -0.140367 -0.213141 -0.238490 -0.213141 -0.140367 -0.028916 0.108857 0.258748 0.406163 0.537332 0.640345 0.706022 0.728573 0.706022 0.640345 0.537332 0.406163 0.258748 0.108857 -0.028916 0.023909 -0.043148 -0.066382 -0.043148 0.023909 0.127382 0.256305 0.397573 0.537332 0.662260 0.760698 0.823591 0.845210 0.823591 0.760698 0.662260 0.537332 0.397573 0.256305 0.127382 0.149857 0.086475 0.064567 0.086475 0.149857 0.248038 0.370904 0.506101 0.640345 0.760698 0.855738 0.916549 0.937467 0.916549 0.855738 0.760698 0.640345 0.506101 0.370904 0.248038 0.229016 0.167704 0.146536 0.167704 0.229016 0.324166 0.443499 0.575096 0.706022 0.823591 0.916549 0.976077 0.996561 0.976077 0.916549 0.823591 0.706022 0.575096 0.443499 0.324166 0.256017 0.195375 0.174444 0.195375 0.256017 0.350178 0.468349 0.598754 0.728573 0.845210 0.937467 0.996561 1.016899 0.996561 0.937467 0.845210 0.728573 0.598754 0.468349 0.350178 0.229016 0.167704 0.146536 0.167704 0.229016 0.324166 0.443499 0.575096 0.706022 0.823591 0.916549 0.976077 0.996561 0.976077 0.916549 0.823591 0.706022 0.575096 0.443499 0.324166 0.149857 0.086475 0.064567 0.086475 0.149857 0.248038 0.370904 0.506101 0.640345 0.760698 0.855738 0.916549 0.937467 0.916549 0.855738 0.760698 0.640345 0.506101 0.370904 0.248038 0.023909 -0.043148 -0.066382 -0.043148 0.023909 0.127382 0.256305 0.397573 0.537332 0.662260 0.760698 0.823591 0.845210 0.823591 0.760698 0.662260 0.537332 0.397573 0.256305 0.127382 -0.140367 -0.213141 -0.238490 -0.213141 -0.140367 -0.028916 0.108857 0.258748 0.406163 0.537332 0.640345 0.706022 0.728573 0.706022 0.640345 0.537332 0.406163 0.258748 0.108857 -0.028916 -0.332090 -0.413508 -0.442216 -0.413508 -0.332089 -0.209221 -0.059419 0.101698 0.258748 0.397573 0.506101 0.575096 0.598754 0.575096 0.506101 0.397573 0.258748 0.101698 -0.059419 -0.209221 -0.538695 -0.633504 -0.667982 -0.633504 -0.538695 -0.399723 -0.234256 -0.059419 0.108857 0.256305 0.370904 0.443499 0.468349 0.443499 0.370904 0.256305 0.108857 -0.059419 -0.234256 -0.399723 -0.746369 -0.863152 -0.909264 -0.863152 -0.746369 -0.584741 -0.399723 -0.209221 -0.028916 0.127382 0.248038 0.324166 0.350178 0.324166 0.248038 0.127382 -0.028916 -0.209221 -0.399723 -0.584741 -0.939178 -1.094420 -1.170028 -1.094420 -0.939178 -0.746369 -0.538695 -0.332089 -0.140367 0.023909 0.149857 0.229016 0.256017 0.229016 0.149857 0.023909 -0.140367 -0.332089 -0.538695 -0.746369 -1.094420 -1.317768 -1.488405 -1.317768 -1.094420 -0.863152 -0.633504 -0.413508 -0.213141 -0.043148 0.086475 0.167704 0.195375 0.167704 0.086475 -0.043148 -0.213141 -0.413508 -0.633504 -0.863152 
-0.909264 -1.170028 -1.488405 -2.028985 -1.488405 -1.170028 -0.909264 -0.667982 -0.442216 -0.238490 -0.066382 0.064567 0.146536 0.174444 0.146536 0.064567 -0.066382 -0.238490 -0.442216 -0.667982 -0.863152 -1.094420 -1.317768 -1.488405 -1.317768 -1.094420 -0.863152 -0.633504 -0.413508 -0.213141 -0.043148 0.086475 0.167704 0.195375 0.167705 0.086475 -0.043148 -0.213141 -0.413508 -0.633504 -0.746369 -0.939178 -1.094420 -1.170028 -1.094420 -0.939178 -0.746369 -0.538695 -0.332089 -0.140367 0.023909 0.149857 0.229016 0.256017 0.229016 0.149857 0.023909 -0.140367 -0.332090 -0.538695 -0.584741 -0.746369 -0.863152 -0.909264 -0.863152 -0.746369 -0.584741 -0.399723 -0.209221 -0.028916 0.127382 0.248038 0.324166 0.350178 0.324166 0.248038 0.127382 -0.028916 -0.209221 -0.399723 -0.399723 -0.538695 -0.633504 -0.667982 -0.633504 -0.538695 -0.399723 -0.234256 -0.059419 0.108857 0.256305 0.370904 0.443499 0.468349 0.443499 0.370904 0.256305 0.108857 -0.059419 -0.234256 -0.209221 -0.332090 -0.413508 -0.442216 -0.413508 -0.332090 -0.209221 -0.059419 0.101698 0.258748 0.397573 0.506101 0.575096 0.598754 0.575096 0.506101 0.397573 0.258748 0.101698 -0.059419 -0.028916 -0.140367 -0.213141 -0.238490 -0.213141 -0.140367 -0.028916 0.108857 0.258748 0.406163 0.537332 0.640345 0.706022 0.728573 0.706022 0.640345 0.537332 0.406163 0.258748 0.108857 0.127382 0.023909 -0.043148 -0.066382 -0.043148 0.023909 0.127382 0.256305 0.397573 0.537332 0.662260 0.760698 0.823591 0.845210 0.823591 0.760698 0.662260 0.537332 0.397573 0.256305 0.248038 0.149857 0.086475 0.064567 0.086475 0.149857 0.248038 0.370904 0.506101 0.640345 0.760698 0.855738 0.916549 0.937467 0.916549 0.855738 0.760698 0.640345 0.506101 0.370904 0.324166 0.229016 0.167704 0.146536 0.167704 0.229016 0.324166 0.443499 0.575096 0.706022 0.823591 0.916549 0.976077 0.996561 0.976077 0.916549 0.823591 0.706022 0.575096 0.443499 0.350178 0.256017 0.195375 0.174444 0.195375 0.256017 0.350178 0.468349 0.598754 0.728573 0.845210 0.937467 0.996561 1.016899 0.996561 0.937467 0.845210 0.728573 0.598754 0.468349 0.324166 0.229016 0.167705 0.146536 0.167704 0.229016 0.324166 0.443499 0.575096 0.706022 0.823591 0.916549 0.976077 0.996561 0.976077 0.916549 0.823591 0.706022 0.575096 0.443499 0.248038 0.149857 0.086475 0.064567 0.086475 0.149857 0.248038 0.370904 0.506101 0.640345 0.760698 0.855738 0.916549 0.937467 0.916549 0.855738 0.760698 0.640345 0.506101 0.370904 0.127382 0.023909 -0.043148 -0.066382 -0.043148 0.023909 0.127382 0.256305 0.397573 0.537332 0.662260 0.760698 0.823591 0.845210 0.823591 0.760698 0.662260 0.537332 0.397573 0.256305 -0.028916 -0.140367 -0.213141 -0.238490 -0.213141 -0.140367 -0.028916 0.108857 0.258748 0.406163 0.537332 0.640345 0.706022 0.728573 0.706022 0.640345 0.537332 0.406163 0.258748 0.108857 -0.209221 -0.332090 -0.413508 -0.442216 -0.413508 -0.332090 -0.209221 -0.059419 0.101698 0.258748 0.397573 0.506101 0.575096 0.598754 0.575096 0.506101 0.397573 0.258748 0.101698 -0.059419 -0.399723 -0.538695 -0.633504 -0.667982 -0.633504 -0.538695 -0.399723 -0.234256 -0.059419 0.108857 0.256305 0.370904 0.443499 0.468349 0.443499 0.370904 0.256305 0.108857 -0.059419 -0.234256 -0.584741 -0.746369 -0.863152 -0.909264 -0.863152 -0.746369 -0.584741 -0.399723 -0.209221 -0.028916 0.127382 0.248038 0.324166 0.350178 0.324166 0.248038 0.127382 -0.028916 -0.209221 -0.399723 -0.746369 -0.939178 -1.094420 -1.170028 -1.094420 -0.939178 -0.746369 -0.538695 -0.332089 -0.140367 0.023909 0.149857 0.229016 0.256017 0.229016 0.149857 0.023909 -0.140367 -0.332089 -0.538695 -0.863152 -1.094420 -1.317768 -1.488405 -1.317768 -1.094420 -0.863152 -0.633504 -0.413508 -0.213141 -0.043148 0.086475 0.167704 0.195375 0.167704 0.086475 -0.043148 -0.213141 -0.413508 -0.633504 
-0.667982 -0.909264 -1.170028 -1.488405 -2.028985 -1.488405 -1.170028 -0.909264 -0.667982 -0.442216 -0.238490 -0.066382 0.064567 0.146536 0.174444 0.146536 0.064567 -0.066382 -0.238490 -0.442216 -0.633504 -0.863152 -1.094420 -1.317768 -1.488405 -1.317768 -1.094420 -0.863152 -0.633504 -0.413508 -0.213141 -0.043148 0.086475 0.167704 0.195375 0.167705 0.086475 -0.043148 -0.213141 -0.413508 -0.538695 -0.746369 -0.939178 -1.094420 -1.170028 -1.094420 -0.939178 -0.746369 -0.538695 -0.332090 -0.140367 0.023909 0.149857 0.229016 0.256017 0.229016 0.149857 0.023909 -0.140367 -0.332090 -0.399723 -0.584741 -0.746369 -0.863152 -0.909264 -0.863152 -0.746369 -0.584741 -0.399723 -0.209221 -0.028916 0.127382 0.248038 0.324166 0.350178 0.324166 0.248038 0.127382 -0.028916 -0.209221 -0.234256 -0.399723 -0.538695 -0.633504 -0.667982 -0.633504 -0.538695 -0.399723 -0.234256 -0.059419 0.108857 0.256305 0.370904 0.443499 0.468349 0.443499 0.370904 0.256305 0.108857 -0.059419 -0.059419 -0.209221 -0.332090 -0.413508 -0.442216 -0.413508 -0.332089 -0.209221 -0.059419 0.101698 0.258748 0.397573 0.506101 0.575096 0.598754 0.575096 0.506101 0.397573 0.258748 0.101698 0.108857 -0.028916 -0.140367 -0.213141 -0.238490 -0.213141 -0.140367 -0.028916 0.108857 0.258748 0.406163 0.537332 0.640345 0.706022 0.728573 0.706022 0.640345 0.537332 0.406163 0.258748 0.256305 0.127382 0.023909 -0.043148 -0.066382 -0.043148 0.023909 0.127382 0.256305 0.397573 0.537332 0.662260 0.760698 0.823591 0.845210 0.823591 0.760698 0.662260 0.537332 0.397573 0.370904 0.248038 0.149857 0.086475 0.064567 0.086475 0.149857 0.248038 0.370904 0.506101 0.640345 0.760698 0.855738 0.916549 0.937467 0.916549 0.855738 0.760698 0.640345 0.506101 0.443499 0.324166 0.229016 0.167704 0.146536 0.167704 0.229016 0.324166 0.443499 0.575096 0.706022 0.823591 0.916549 0.976077 0.996561 0.976077 0.916549 0.823591 0.706022 0.575096 0.468349 0.350178 0.256017 0.195375 0.174444 0.195375 0.256017 0.350178 0.468349 0.598754 0.728573 0.845210 0.937467 0.996561 1.016899 0.996561 0.937467 0.845210 0.728573 0.598754 0.443499 0.324166 0.229016 0.167704 0.146536 0.167704 0.229016 0.324166 0.443499 0.575096 0.706022 0.823591 0.916549 0.976077 0.996561 0.976077 0.916549 0.823591 0.706022 0.575096 0.370904 0.248038 0.149857 0.086475 0.064567 0.086475 0.149857 0.248038 0.370904 0.506101 0.640345 0.760698 0.855738 0.916549 0.937467 0.916549 0.855738 0.760698 0.640345 0.506101 0.256305 0.127382 0.023909 -0.043148 -0.066382 -0.043148 0.023909 0.127382 0.256305 0.397573 0.537332 0.662260 0.760698 0.823591 0.845210 0.823591 0.760698 0.662260 0.537332 0.397573 0.108857 -0.028916 -0.140367 -0.213141 -0.238490 -0.213141 -0.140367 -0.028916 0.108857 0.258748 0.406163 0.537332 0.640345 0.706022 0.728573 0.706022 0.640345 0.537332 0.406163 0.258748 -0.059419 -0.209221 -0.332089 -0.413508 -0.442216 -0.413508 -0.332089 -0.209221 -0.059419 0.101698 0.258748 0.397573 0.506101 0.575096 0.598754 0.575096 0.506101 0.397573 0.258748 0.101698 -0.234256 -0.399723 -0.538695 -0.633504 -0.667982 -0.633504 -0.538695 -0.399723 -0.234256 -0.059419 0.108857 0.256305 0.370904 0.443499 0.468349 0.443499 0.370904 0.256305 0.108857 -0.059419 -0.399723 -0.584741 -0.746369 -0.863152 -0.909264 -0.863152 -0.746369 -0.584741 -0.399723 -0.209221 -0.028916 0.127382 0.248038 0.324166 0.350178 0.324166 0.248038 0.127382 -0.028916 -0.209221 -0.538695 -0.746369 -0.939178 -1.094420 -1.170028 -1.094420 -0.939178 -0.746369 -0.538695 -0.332090 -0.140367 0.023909 0.149857 0.229016 0.256017 0.229016 0.149857 0.023909 -0.140367 -0.332089 -0.633504 -0.863152 -1.094420 -1.317768 -1.488405 -1.317768 -1.094420 -0.863152 -0.633504 -0.413508 -0.213141 -0.043148 0.086475 0.167704 0.195375 0.167704 0.086475 -0.043148 -0.213141 -0.413508 
-0.442216 -0.667982 -0.909264 -1.170028 -1.488405 -2.028985 -1.488405 -1.170028 -0.909264 -0.667982 -0.442216 -0.238490 -0.066382 0.064567 0.146536 0.174444 0.146536 0.064567 -0.066382 -0.238490 -0.413508 -0.633504 -0.863152 -1.094420 -1.317768 -1.488405 -1.317768 -1.094420 -0.863152 -0.633504 -0.413508 -0.213141 -0.043148 0.086475 0.167705 0.195375 0.167704 0.086475 -0.043148 -0.213141 -0.332090 -0.538695 -0.746369 -0.939178 -1.094420 -1.170028 -1.094420 -0.939178 -0.746369 -0.538695 -0.332089 -0.140367 0.023909 0.149857 0.229016 0.256017 0.229016 0.149857 0.023909 -0.140367 -0.209221 -0.399723 -0.584741 -0.746369 -0.863152 -0.909264 -0.863152 -0.746369 -0.584741 -0.399723 -0.209221 -0.028916 0.127382 0.248038 0.324166 0.350178 0.324166 0.248038 0.127382 -0.028916 -0.059419 -0.234256 -0.399723 -0.538695 -0.633504 -0.667982 -0.633504 -0.538695 -0.399723 -0.234256 -0.059419 0.108857 0.256305 0.370904 0.443499 0.468349 0.443499 0.370904 0.256305 0.108857 0.101698 -0.059419 -0.209221 -0.332090 -0.413508 -0.442216 -0.413508 -0.332090 -0.209221 -0.059419 0.101698 0.258748 0.397573 0.506101 0.575096 0.598754 0.575096 0.506101 0.397573 0.258748 0.258748 0.108857 -0.028916 -0.140367 -0.213141 -0.238490 -0.213141 -0.140367 -0.028916 0.108857 0.258748 0.406163 0.537332 0.640345 0.706022 0.728573 0.706022 0.640345 0.537332 0.406163 0.397573 0.256305 0.127382 0.023909 -0.043148 -0.066382 -0.043148 0.023909 0.127382 0.256305 0.397573 0.537332 0.662260 0.760698 0.823591 0.845210 0.823591 0.760698 0.662260 0.537332 0.506101 0.370904 0.248038 0.149857 0.086475 0.064567 0.086475 0.149857 0.248038 0.370904 0.506101 0.640345 0.760698 0.855738 0.916549 0.937467 0.916549 0.855738 0.760698 0.640345 0.575096 0.443499 0.324166 0.229016 0.167704 0.146536 0.167704 0.229016 0.324166 0.443499 0.575096 0.706022 0.823591 0.916549 0.976077 0.996561 0.976077 0.916549 0.823591 0.706022 0.598754 0.468349 0.350178 0.256017 0.195375 0.174444 0.195375 0.256017 0.350178 0.468349 0.598754 0.728573 0.845210 0.937467 0.996561 1.016899 0.996561 0.937467 0.845210 0.728573 0.575096 0.443499 0.324166 0.229016 0.167704 0.146536 0.167704 0.229016 0.324166 0.443499 0.575096 0.706022 0.823591 0.916549 0.976077 0.996561 0.976077 0.916549 0.823591 0.706022 0.506101 0.370904 0.248038 0.149857 0.086475 0.064567 0.086475 0.149857 0.248038 0.370904 0.506101 0.640345 0.760698 0.855738 0.916549 0.937467 0.916549 0.855738 0.760698 0.640345 0.397573 0.256305 0.127382 0.023909 -0.043148 -0.066382 -0.043148 0.023909 0.127382 0.256305 0.397573 0.537332 0.662260 0.760698 0.823591 0.845210 0.823591 0.760698 0.662260 0.537332 0.258748 0.108857 -0.028916 -0.140367 -0.213141 -0.238490 -0.213141 -0.140367 -0.028916 0.108857 0.258748 0.406163 0.537332 0.640345 0.706022 0.728573 0.706022 0.640345 0.537332 0.406163 0.101698 -0.059419 -0.209221 -0.332090 -0.413508 -0.442216 -0.413508 -0.332090 -0.209221 -0.059419 0.101698 0.258748 0.397573 0.506101 0.575096 0.598754 0.575096 0.506101 0.397573 0.258748 -0.059419 -0.234256 -0.399723 -0.538695 -0.633504 -0.667982 -0.633504 -0.538695 -0.399723 -0.234256 -0.059419 0.108857 0.256305 0.370904 0.443499 0.468349 0.443499 0.370904 0.256305 0.108857 -0.209221 -0.399723 -0.584741 -0.746369 -0.863152 -0.909264 -0.863152 -0.746369 -0.584741 -0.399723 -0.209221 -0.028916 0.127382 0.248038 0.324166 0.350178 0.324166 0.248038 0.127382 -0.028916 -0.332090 -0.538695 -0.746369 -0.939178 -1.094420 -1.170028 -1.094420 -0.939178 -0.746369 -0.538695 -0.332089 -0.140367 0.023909 0.149857 0.229016 0.256017 0.229016 0.149857 0.023909 -0.140367 -0.413508 -0.633504 -0.863152 -1.094420 -1.317768 -1.488405 -1.317768 -1.094420 -0.863152 -0.633504 -0.413508 -0.213141 -0.043148 0.086475 0.167704 0.195375 0.167704 0.086475 -0.043148 -0.213141 
-0.238490 -0.442216 -0.667982 -0.909264 -1.170028 -1.488405 -2.028985 -1.488405 -1.170028 -0.909264 -0.667982 -0.442216 -0.238490 -0.066382 0.064567 0.146536 0.174444 0.146536 0.064567 -0.066382 -0.213141 -0.413508 -0.633504 -0.863152 -1.094420 -1.317768 -1.488405 -1.317768 -1.094420 -0.863152 -0.633504 -0.413508 -0.213141 -0.043148 0.086475 0.167705 0.195375 0.167704 0.086475 -0.043148 -0.140367 -0.332090 -0.538695 -0.746369 -0.939178 -1.094420 -1.170028 -1.094420 -0.939178 -0.746369 -0.538695 -0.332090 -0.140367 0.023909 0.149857 0.229016 0.256017 0.229016 0.149857 0.023909 -0.028916 -0.209221 -0.399723 -0.584741 -0.746369 -0.863152 -0.909264 -0.863152 -0.746369 -0.584741 -0.399723 -0.209221 -0.028916 0.127382 0.248038 0.324166 0.350178 0.324166 0.248038 0.127382 0.108857 -0.059419 -0.234256 -0.399723 -0.538695 -0.633504 -0.667982 -0.633504 -0.538695 -0.399723 -0.234256 -0.059419 0.108857 0.256305 0.370904 0.443499 0.468349 0.443499 0.370904 0.256305 0.258748 0.101698 -0.059419 -0.209221 -0.332090 -0.413508 -0.442216 -0.413508 -0.332089 -0.209221 -0.059419 0.101698 0.258748 0.397573 0.506101 0.575096 0.598754 0.575096 0.506101 0.397573 0.406163 0.258748 0.108857 -0.028916 -0.140367 -0.213141 -0.238490 -0.213141 -0.140367 -0.028916 0.108857 0.258748 0.406163 0.537332 0.640345 0.706022 0.728573 0.706022 0.640345 0.537332 0.537332 0.397573 0.256305 0.127382 0.023909 -0.043148 -0.066382 -0.043148 0.023909 0.127382 0.256305 0.397573 0.537332 0.662260 0.760698 0.823591 0.845210 0.823591 0.760698 0.662260 0.640345 0.506101 0.370904 0.248038 0.149857 0.086475 0.064567 0.086475 0.149857 0.248038 0.370904 0.506101 0.640345 0.760698 0.855738 0.916549 0.937467 0.916549 0.855738 0.760698 0.706022 0.575096 0.443499 0.324166 0.229016 0.167704 0.146536 0.167704 0.229016 0.324166 0.443499 0.575096 0.706022 0.823591 0.916549 0.976077 0.996561 0.976077 0.916549 0.823591 0.728573 0.598754 0.468349 0.350178 0.256017 0.195375 0.174444 0.195375 0.256017 0.350178 0.468349 0.598754 0.728573 0.845210 0.937467 0.996561 1.016899 0.996561 0.937467 0.845210 0.706022 0.575096 0.443499 0.324166 0.229016 0.167704 0.146536 0.167704 0.229016 0.324166 0.443499 0.575096 0.706022 0.823591 0.916549 0.976077 0.996561 0.976077 0.916549 0.823591 0.640345 0.506101 0.370904 0.248038 0.149857 0.086475 0.064567 0.086475 0.149857 0.248038 0.370904 0.506101 0.640345 0.760698 0.855738 0.916549 0.937467 0.916549 0.855738 0.760698 0.537332 0.397573 0.256305 0.127382 0.023909 -0.043148 -0.066382 -0.043148 0.023909 0.127382 0.256305 0.397573 0.537332 0.662260 0.760698 0.823591 0.845210 0.823591 0.760698 0.662260 0.406163 0.258748 0.108857 -0.028916 -0.140367 -0.213141 -0.238490 -0.213141 -0.140367 -0.028916 0.108857 0.258748 0.406163 0.537332 0.640345 0.706022 0.728573 0.706022 0.640345 0.537332 0.258748 0.101698 -0.059419 -0.209221 -0.332089 -0.413508 -0.442216 -0.413508 -0.332089 -0.209221 -0.059419 0.101698 0.258748 0.397573 0.506101 0.575096 0.598754 0.575096 0.506101 0.397573 0.108857 -0.059419 -0.234256 -0.399723 -0.538695 -0.633504 -0.667982 -0.633504 -0.538695 -0.399723 -0.234256 -0.059419 0.108857 0.256305 0.370904 0.443499 0.468349 0.443499 0.370904 0.256305 -0.028916 -0.209221 -0.399723 -0.584741 -0.746369 -0.863152 -0.909264 -0.863152 -0.746369 -0.584741 -0.399723 -0.209221 -0.028916 0.127382 0.248038 0.324166 0.350178 0.324166 0.248038 0.127382 -0.140367 -0.332090 -0.538695 -0.746369 -0.939178 -1.094420 -1.170028 -1.094420 -0.939178 -0.746369 -0.538695 -0.332089 -0.140367 0.023909 0.149857 0.229016 0.256017 0.229016 0.149857 0.023909 -0.213141 -0.413508 -0.633504 -0.863152 -1.094420 -1.317768 -1.488405 -1.317768 -1.094420 -0.863152 -0.633504 -0.413508 -0.213141 -0.043148 0.086475 0.167704 0.195375 0.167704 0.086475 -0.043148 
-0.066382 -0.238490 -0.442216 -0.667982 -0.909264 -1.170028 -1.488405 -2.028985 -1.488405 -1.170028 -0.909264 -0.667982 -0.442216 -0.238490 -0.066382 0.064567 0.146536 0.174444 0.146536 0.064567 -0.043148 -0.213141 -0.413508 -0.633504 -0.863152 -1.094420 -1.317768 -1.488405 -1.317768 -1.094420 -0.863152 -0.633504 -0.413508 -0.213141 -0.043148 0.086475 0.167704 0.195375 0.167704 0.086475 0.023909 -0.140367 -0.332090 -0.538695 -0.746369 -0.939178 -1.094420 -1.170028 -1.094420 -0.939178 -0.746369 -0.538695 -0.332090 -0.140367 0.023909 0.149857 0.229016 0.256017 0.229016 0.149857 0.127382 -0.028916 -0.209221 -0.399723 -0.584741 -0.746369 -0.863152 -0.909264 -0.863152 -0.746369 -0.584741 -0.399723 -0.209221 -0.028916 0.127382 0.248038 0.324166 0.350178 0.324166 0.248038 0.256305 0.108857 -0.059419 -0.234256 -0.399723 -0.538695 -0.633504 -0.667982 -0.633504 -0.538695 -0.399723 -0.234256 -0.059419 0.108857 0.256305 0.370904 0.443499 0.468349 0.443499 0.370904 0.397573 0.258748 0.101698 -0.059419 -0.209221 -0.332090 -0.413508 -0.442216 -0.413508 -0.332089 -0.209221 -0.059419 0.101698 0.258748 0.397573 0.506101 0.575096 0.598754 0.575096 0.506101 0.537332 0.406163 0.258748 0.108857 -0.028916 -0.140367 -0.213141 -0.238490 -0.213141 -0.140367 -0.028916 0.108857 0.258748 0.406163 0.537332 0.640345 0.706022 0.728573 0.706022 0.640345 0.662260 0.537332 0.397573 0.256305 0.127382 0.023909 -0.043148 -0.066382 -0.043148 0.023909 0.127382 0.256305 0.397573 0.537332 0.662260 0.760698 0.823591 0.845210 0.823591 0.760698 0.760698 0.640345 0.506101 0.370904 0.248038 0.149857 0.086475 0.064567 0.086475 0.149857 0.248038 0.370904 0.506101 0.640345 0.760698 0.855738 0.916549 0.937467 0.916549 0.855738 0.823591 0.706022 0.575096 0.443499 0.324166 0.229016 0.167704 0.146536 0.167704 0.229016 0.324166 0.443499 0.575096 0.706022 0.823591 0.916549 0.976077 0.996561 0.976077 0.916549 0.845210 0.728573 0.598754 0.468349 0.350178 0.256017 0.195375 0.174444 0.195375 0.256017 0.350178 0.468349 0.598754 0.728573 0.845210 0.937467 0.996561 1.016899 0.996561 0.937467 0.823591 0.706022 0.575096 0.443499 0.324166 0.229016 0.167704 0.146536 0.167704 0.229016 0.324166 0.443499 0.575096 0.706022 0.823591 0.916549 0.976077 0.996561 0.976077 0.916549 0.760698 0.640345 0.506101 0.370904 0.248038 0.149857 0.086475 0.064567 0.086475 0.149857 0.248038 0.370904 0.506101 0.640345 0.760698 0.855738 0.916549 0.937467 0.916549 0.855738 0.662260 0.537332 0.397573 0.256305 0.127382 0.023909 -0.043148 -0.066382 -0.043148 0.023909 0.127382 0.256305 0.397573 0.537332 0.662260 0.760698 0.823591 0.845210 0.823591 0.760698 0.537332 0.406163 0.258748 0.108857 -0.028916 -0.140367 -0.213141 -0.238490 -0.213141 -0.140367 -0.028916 0.108857 0.258748 0.406163 0.537332 0.640345 0.706022 0.728573 0.706022 0.640345 0.397573 0.258748 0.101698 -0.059419 -0.209221 -0.332090 -0.413508 -0.442216 -0.413508 -0.332090 -0.209221 -0.059419 0.101698 0.258748 0.397573 0.506101 0.575096 0.598754 0.575096 0.506101 0.256305 0.108857 -0.059419 -0.234256 -0.399723 -0.538695 -0.633504 -0.667982 -0.633504 -0.538695 -0.399723 -0.234256 -0.059419 0.108857 0.256305 0.370904 0.443499 0.468349 0.443499 0.370904 0.127382 -0.028916 -0.209221 -0.399723 -0.584741 -0.746369 -0.863152 -0.909264 -0.863152 -0.746369 -0.584741 -0.399723 -0.209221 -0.028916 0.127382 0.248038 0.324166 0.350178 0.324166 0.248038 0.023909 -0.140367 -0.332090 -0.538695 -0.746369 -0.939178 -1.094420 -1.170028 -1.094420 -0.939178 -0.746369 -0.538695 -0.332089 -0.140367 0.023909 0.149857 0.229016 0.256017 0.229016 0.149857 -0.043148 -0.213141 -0.413508 -0.633504 -0.863152 -1.094420 -1.317768 -1.488405 -1.317768 -1.094420 -0.863152 -0.633504 -0.413508 -0.213141 -0.043148 0.086475 0.167704 0.195375 0.167704 0.086475 
0.064567 -0.066382 -0.238490 -0.442216 -0.667982 -0.909264 -1.170028 -1.488405 -2.028985 -1.488405 -1.170028 -0.909264 -0.667982 -0.442216 -0.238490 -0.066382 0.064567 0.146536 0.174444 0.146536 0.086475 -0.043148 -0.213141 -0.413508 -0.633504 -0.863152 -1.094420 -1.317768 -1.488405 -1.317768 -1.094420 -0.863152 -0.633504 -0.413508 -0.213141 -0.043148 0.086475 0.167704 0.195375 0.167704 0.149857 0.023909 -0.140367 -0.332090 -0.538695 -0.746369 -0.939178 -1.094420 -1.170028 -1.094420 -0.939178 -0.746369 -0.538695 -0.332090 -0.140367 0.023909 0.149857 0.229016 0.256017 0.229016 0.248038 0.127382 -0.028916 -0.209221 -0.399723 -0.584741 -0.746369 -0.863152 -0.909264 -0.863152 -0.746369 -0.584741 -0.399723 -0.209221 -0.028916 0.127382 0.248038 0.324166 0.350178 0.324166 0.370904 0.256305 0.108857 -0.059419 -0.234256 -0.399723 -0.538695 -0.633504 -0.667982 -0.633504 -0.538695 -0.399723 -0.234256 -0.059419 0.108857 0.256305 0.370904 0.443499 0.468349 0.443499 0.506101 0.397573 0.258748 0.101698 -0.059419 -0.209221 -0.332089 -0.413508 -0.442216 -0.413508 -0.332090 -0.209221 -0.059419 0.101698 0.258748 0.397573 0.506101 0.575096 0.598754 0.575096 0.640345 0.537332 0.406163 0.258748 0.108857 -0.028916 -0.140367 -0.213141 -0.238490 -0.213141 -0.140367 -0.028916 0.108857 0.258748 0.406163 0.537332 0.640345 0.706022 0.728573 0.706022 0.760698 0.662260 0.537332 0.397573 0.256305 0.127382 0.023909 -0.043148 -0.066382 -0.043148 0.023909 0.127382 0.256305 0.397573 0.537332 0.662260 0.760698 0.823591 0.845210 0.823591 0.855738 0.760698 0.640345 0.506101 0.370904 0.248038 0.149857 0.086475 0.064567 0.086475 0.149857 0.248038 0.370904 0.506101 0.640345 0.760698 0.855738 0.916549 0.937467 0.916549 0.916549 0.823591 0.706022 0.575096 0.443499 0.324166 0.229016 0.167704 0.146536 0.167704 0.229016 0.324166 0.443499 0.575096 0.706022 0.823591 0.916549 0.976077 0.996561 0.976077 0.937467 0.845210 0.728573 0.598754 0.468349 0.350178 0.256017 0.195375 0.174444 0.195375 0.256017 0.350178 0.468349 0.598754 0.728573 0.845210 0.937467 0.996561 1.016899 0.996561 0.916549 0.823591 0.706022 0.575096 0.443499 0.324166 0.229016 0.167704 0.146536 0.167705 0.229016 0.324166 0.443499 0.575096 0.706022 0.823591 0.916549 0.976077 0.996561 0.976077 0.855738 0.760698 0.640345 0.506101 0.370904 0.248038 0.149857 0.086475 0.064567 0.086475 0.149857 0.248038 0.370904 0.506101 0.640345 0.760698 0.855738 0.916549 0.937467 0.916549 0.760698 0.662260 0.537332 0.397573 0.256305 0.127382 0.023909 -0.043148 -0.066382 -0.043148 0.023909 0.127382 0.256305 0.397573 0.537332 0.662260 0.760698 0.823591 0.845210 0.823591 0.640345 0.537332 0.406163 0.258748 0.108857 -0.028916 -0.140367 -0.213141 -0.238490 -0.213141 -0.140367 -0.028916 0.108857 0.258748 0.406163 0.537332 0.640345 0.706022 0.728573 0.706022 0.506101 0.397573 0.258748 0.101698 -0.059419 -0.209221 -0.332089 -0.413508 -0.442216 -0.413508 -0.332089 -0.209221 -0.059419 0.101698 0.258748 0.397573 0.506101 0.575096 0.598754 0.575096 0.370904 0.256305 0.108857 -0.059419 -0.234256 -0.399723 -0.538695 -0.633504 -0.667982 -0.633504 -0.538695 -0.399723 -0.234256 -0.059419 0.108857 0.256305 0.370904 0.443499 0.468349 0.443499 0.248038 0.127382 -0.028916 -0.209221 -0.399723 -0.584741 -0.746369 -0.863152 -0.909264 -0.863152 -0.746369 -0.584741 -0.399723 -0.209221 -0.028916 0.127382 0.248038 0.324166 0.350178 0.324166 0.149857 0.023909 -0.140367 -0.332090 -0.538695 -0.746369 -0.939178 -1.094420 -1.170028 -1.094420 -0.939178 -0.746369 -0.538695 -0.332089 -0.140367 0.023909 0.149857 0.229016 0.256017 0.229016 0.086475 -0.043148 -0.213141 -0.413508 -0.633504 -0.863152 -1.094420 -1.317768 -1.488405 -1.317768 -1.094420 -0.863152 -0.633504 -0.413508 -0.213141 -0.043148 0.086475 0.167704 0.195375 0.167704 
0.146536 0.064567 -0.066382 -0.238490 -0.442216 -0.667982 -0.909264 -1.170028 -1.488405 -2.028985 -1.488405 -1.170028 -0.909264 -0.667982 -0.442216 -0.238490 -0.066382 0.064567 0.146536 0.174444 0.167704 0.086475 -0.043148 -0.213141 -0.413508 -0.633504 -0.863152 -1.094420 -1.317768 -1.488405 -1.317768 -1.094420 -0.863152 -0.633504 -0.413508 -0.213141 -0.043148 0.086475 0.167704 0.195375 0.229016 0.149857 0.023909 -0.140367 -0.332090 -0.538695 -0.746369 -0.939178 -1.094420 -1.170028 -1.094420 -0.939178 -0.746369 -0.538695 -0.332090 -0.140367 0.023909 0.149857 0.229016 0.256017 0.324166 0.248038 0.127382 -0.028916 -0.209221 -0.399723 -0.584741 -0.746369 -0.863152 -0.909264 -0.863152 -0.746369 -0.584741 -0.399723 -0.209221 -0.028916 0.127382 0.248038 0.324166 0.350178 0.443499 0.370904 0.256305 0.108857 -0.059419 -0.234256 -0.399723 -0.538695 -0.633504 -0.667982 -0.633504 -0.538695 -0.399723 -0.234256 -0.059419 0.108857 0.256305 0.370904 0.443499 0.468349 0.575096 0.506101 0.397573 0.258748 0.101698 -0.059419 -0.209221 -0.332090 -0.413508 -0.442216 -0.413508 -0.332090 -0.209221 -0.059419 0.101698 0.258748 0.397573 0.506101 0.575096 0.598754 0.706022 0.640345 0.537332 0.406163 0.258748 0.108857 -0.028916 -0.140367 -0.213141 -0.238490 -0.213141 -0.140367 -0.028916 0.108857 0.258748 0.406163 0.537332 0.640345 0.706022 0.728573 0.823591 0.760698 0.662260 0.537332 0.397573 0.256305 0.127382 0.023909 -0.043148 -0.066382 -0.043148 0.023909 0.127382 0.256305 0.397573 0.537332 0.662260 0.760698 0.823591 0.845210 0.916549 0.855738 0.760698 0.640345 0.506101 0.370904 0.248038 0.149857 0.086475 0.064567 0.086475 0.149857 0.248038 0.370904 0.506101 0.640345 0.760698 0.855738 0.916549 0.937467 0.976077 0.916549 0.823591 0.706022 0.575096 0.443499 0.324166 0.229016 0.167704 0.146536 0.167704 0.229016 0.324166 0.443499 0.575096 0.706022 0.823591 0.916549 0.976077 0.996561 0.996561 0.937467 0.845210 0.728573 0.598754 0.468349 0.350178 0.256017 0.195375 0.174444 0.195375 0.256017 0.350178 0.468349 0.598754 0.728573 0.845210 0.937467 0.996561 1.016899 0.976077 0.916549 0.823591 0.706022 0.575096 0.443499 0.324166 0.229016 0.167704 0.146536 0.167704 0.229016 0.324166 0.443499 0.575096 0.706022 0.823591 0.916549 0.976077 0.996561 0.916549 0.855738 0.760698 0.640345 0.506101 0.370904 0.248038 0.149857 0.086475 0.064567 0.086475 0.149857 0.248038 0.370904 0.506101 0.640345 0.760698 0.855738 0.916549 0.937467 0.823591 0.760698 0.662260 0.537332 0.397573 0.256305 0.127382 0.023909 -0.043148 -0.066382 -0.043148 0.023909 0.127382 0.256305 0.397573 0.537332 0.662260 0.760698 0.823591 0.845210 0.706022 0.640345 0.537332 0.406163 0.258748 0.108857 -0.028916 -0.140367 -0.213141 -0.238490 -0.213141 -0.140367 -0.028916 0.108857 0.258748 0.406163 0.537332 0.640345 0.706022 0.728573 0.575096 0.506101 0.397573 0.258748 0.101698 -0.059419 -0.209221 -0.332090 -0.413508 -0.442216 -0.413508 -0.332089 -0.209221 -0.059419 0.101698 0.258748 0.397573 0.506101 0.575096 0.598754 0.443499 0.370904 0.256305 0.108857 -0.059419 -0.234256 -0.399723 -0.538695 -0.633504 -0.667982 -0.633504 -0.538695 -0.399723 -0.234256 -0.059419 0.108857 0.256305 0.370904 0.443499 0.468349 0.324166 0.248038 0.127382 -0.028916 -0.209221 -0.399723 -0.584741 -0.746369 -0.863152 -0.909264 -0.863152 -0.746369 -0.584741 -0.399723 -0.209221 -0.028916 0.127382 0.248038 0.324166 0.350178 0.229016 0.149857 0.023909 -0.140367 -0.332090 -0.538695 -0.746369 -0.939178 -1.094420 -1.170028 -1.094420 -0.939178 -0.746369 -0.538695 -0.332090 -0.140367 0.023909 0.149857 0.229016 0.256017 0.167704 0.086475 -0.043148 -0.213141 -0.413508 -0.633504 -0.863152 -1.094420 -1.317768 -1.488405 -1.317768 -1.094420 -0.863152 -0.633504 -0.413508 -0.213141 -0.043148 0.086475 0.167704 0.195375 
